551,3
551,2
551,1
551,0
550,4
550,3
550,2
550,1
550,0
549,4
549,3
549,2
549,1
549,0
548,3
548,2
548,1
548,0
547,4
547,3
547,2
547,1
547,0
546,3
546,2
546,1
546,0
536,3
536,2
536,1
536,0
531,3
531,2
531,1
531,0
530,7
530,4
530,3
530,2
530,1
530,0
523,3
523,2
523,1
523,0
522,4
522,3
522,2
522,1
522,0
519,3
519,2
519,1
519,0
4,3
4,2
4,1
4,0
3,6
3,5
3,4
3,3
3,2
3,1
3,0
2,3
2,2
2,1
2,0
1,3
1,2
1,1
1,0
0,410
0,324
0,243
0,9
0,0
0,1
0,343
0,300
0,318
0,299
0,403
0,298
0,347
0,297
0,317
0,296
0,380
0,295
0,424
0,294
0,422
0,293
0,399
0,292
0,379
0,291
0,378
0,290
0,376
0,289
0,420
0,288
0,287
0,342
0,286
0,346
0,285
0,373
0,284
0,283
0,316
0,282
0,372
0,281
0,391
0,280
0,390
0,279
0,308
0,278
0,307
0,277
0,315
0,276
0,417
0,275
0,336
0,274
0,411
0,273
0,444
0,272
0,335
0,271
0,270
0,443
0,269
0,400
0,268
0,426
0,267
0,371
0,266
0,314
0,265
0,264
0,263
0,415
0,262
0,301
0,261
0,313
0,260
0,375
0,259
0,414
0,258
0,374
0,257
0,256
0,345
0,255
0,368
0,254
0,344
0,253
0,383
0,252
0,327
0,251
0,341
0,250
0,367
0,249
0,382
0,248
0,437
0,247
0,311
0,246
0,340
0,245
0,330
0,244
0,405
0,242
0,395
0,241
0,436
0,240
0,334
0,239
0,366
0,238
0,392
0,237
0,440
0,236
0,404
0,235
0,339
0,234
0,356
0,233
0,385
0,232
0,352
0,231
0,312
0,230
0,433
0,229
0,325
0,228
0,365
0,227
0,323
0,226
0,430
0,225
0,353
0,224
0,332
0,223
0,222
0,369
0,221
0,363
0,220
0,338
0,219
0,337
0,218
0,429
0,217
0,381
0,216
0,322
0,215
0,331
0,214
0,389
0,213
0,428
0,212
0,419
0,211
0,329
0,210
0,310
0,209
0,351
0,208
0,362
0,207
0,206
0,442
0,205
0,377
0,204
0,370
0,203
0,418
0,202
0,439
0,201
0,358
0,200
0,388
0,199
0,387
0,198
0,348
0,197
0,309
0,196
0,326
0,195
0,355
0,194
0,384
0,193
0,319
0,192
0,354
0,63
0,407
0,62
0,61
0,320
0,60
0,402
0,59
0,364
0,58
0,394
0,57
0,328
0,56
0,333
0,55
0,427
0,54
0,361
0,53
0,412
0,52
0,360
0,51
0,441
0,50
0,359
0,49
0,357
0,48
0,446
0,47
0,445
0,46
0,425
0,45
0,350
0,6
0,5
0,304
0,303
0,306
0,305
0,302
0,12
0,10
0,8
0,11
0,4
0,2
0,3
0,7
